r p q1 q2
0 0.15297694062845335 0.04546227414947406 0.0883191399766070
1 0.23047928508064378 0.027399881712808764 0.14056735063716264
2 0.26145003899739494 0.06208745271146354 0.0739711564822338
3 0.16075869940803733 0.04141451179465841 0.1133378202897297
4 0.10501196601623522 0.04392432925838776 0.0805931752963914
5 0.20096158185519866 0.050950174003406144 0.13851113045751381
6 0.07973634912444942 0.040564026990127636 0.0697839471876707
7 0.4029168312426273 0.06869253927428118 0.15610004418887125
8 0.24846585791684075 0.03271335932393753 0.1313634020896732
9 0.17915866498306363 0.02765368382546658 0.09738724412113084
10 0.12716934918805806 0.024701181894184725 0.13379708104861548
11 0.19414154067171568 0.05671992796890766 0.11591831059513037
12 0.22596795299748573 0.04918257712501447 0.1163685575506658
13 0.2222345744114594 0.08563350613274742 0.11177844414223442
14 0.16520117002786275 0.05778965058506453 0.11912911810094542
15 0.24714360131084065 0.05773533306769493 0.06734971274712022
16 0.29179669863250085 0.06256391294830721 0.10695017251091793
17 0.341914209451284 0.039135535927032936 0.13753973010547657
18 0.2348514309438744 0.06072808816217618 0.10336200640995441
19 0.20050105023903494 0.02394214894690195 0.07739635747274932
20 0.3785996908593529 0.1455324099941398 0.07385319998905783
21 0.07920688860623468 0.024375019954724568 0.12914175038652753
22 0.2747472505955984 0.04439610576248993 0.13308347125436934
23 0.1196662614574836 0.08387570409439507 0.13352449572284777
24 0.27944718224907056 0.03371989376981812 0.0853939446420855
25 0.21747906783097568 0.03182058462815607 0.14589698750862634
26 0.2536181150521966 0.04788667162434431 0.1216478351873237
27 0.27542665286192625 0.059137732768547106 0.0943634442379428
28 0.26494710481265493 0.055361550628058684 0.09493103170969312
29 0.1739357543033389 0.048024114656106426 0.06640770033931058
30 0.17581302408177524 0.03816890338343276 0.09129717063956672
31 0.11974921310079548 0.04656232476029282 0.10494755020688633
32 0.250839856340606 0.028915905460410004 0.16746978988328573
33 0.19842407603317755 0.03404961696551543 0.08614496470908707
34 0.19140113816764887 0.04040086668160883 0.10230550653582718
35 0.2533987941640901 0.04054261084985921 0.11793470320933908
36 0.0976837729025632 0.031862126709552976 0.08184834473002087
37 0.18966492733989462 0.059526917629533396 0.05861566084761092
38 0.16994278516795008 0.031327882905580855 0.1082280035264282
39 0.3197727696808883 0.06832303507845072 0.19390407254719477
40 0.16181825350045434 0.054286630137522496 0.06955756815520246
41 0.3023688535772556 0.05670910286848128 0.08336716285567457
42 0.3185613544834491 0.06359047633559961 0.04747098573521607
43 0.22888751090392742 0.0772402332487427 0.10129856110247129
44 0.2142553263624668 0.05358134282857933 0.07417510325901962
45 0.3032372363432736 0.04780506781035017 0.13639404241317843
46 0.14239959381029652 0.042143629782293524 0.09181896511397669
47 0.15008791800533733 0.03330901024787924 0.11508234621122886
48 0.24810087877813553 0.04653550195594131 0.09847477711320675
49 0.24151853966654532 0.07371310019484911 0.060369803144704484
50 0.18068441462191354 0.07014346814518653 0.12046479330392719
51 0.21739180860409685 0.0356184929708063 0.0999020080684345
52 0.1379561974797972 0.0613404349743394 0.07047271651571287
53 0.17714622446945755 0.07929314020882039 0.10363172035177137
54 0.13778777506024564 0.04104264744156468 0.06826969546569625
55 0.15230606934355584 0.07891238108674424 0.07587838730193941
56 0.19537383129489388 0.04902325018095738 0.06264545340744396
57 0.16576640961204453 0.04273310803512727 0.13135570558803014
58 0.31608283001396686 0.04480103650276042 0.12287730413548155
59 0.3379209081605529 0.09361438041242677 0.12035469673348301
60 0.3779040082514735 0.05251841073385812 0.1791193093584379
61 0.21876178483554243 0.06284584302432183 0.13998482591968645
62 0.08504642483446583 0.028874254884501238 0.1011380230289188
63 0.24839441477995194 0.06339458998557382 0.1502327599025437
64 0.2657291587816591 0.07340861068200118 0.1572025266199409
65 0.2607101254752711 0.05258968395476628 0.1226921510803441
66 0.338501253767119 0.023321561591514793 0.10017069781428949
67 0.3173657515511119 0.06836316472942684 0.06759024863032752
68 0.18075442826042462 0.036612288429560776 0.09985718337356811
69 0.15591792265289933 0.06324183774727374 0.10388448793453084
70 0.23145764939040056 0.07735423006760829 0.12250992366770547
71 0.1677404940856954 0.03938582284572514 0.09485743866340841
72 0.15375586934129015 0.03001372298027342 0.06653551918552797
73 0.07169648100464969 0.058873504845827596 0.056900358419232515
74 0.23888236199457114 0.02023646100774613 0.07426541936824979
75 0.0405599395620182 0.05795404554281301 0.05362980845568724
76 0.17302369756989724 0.048136098020206936 0.11211484120459202
77 0.14656009289168723 0.047571772836344894 0.06494546618238009
78 0.29728538700735174 0.04647781202889991 0.10420155013044509
79 0.1711154397941263 0.05919339868743991 0.08627198406675862
80 0.16316373601368503 0.06370503354584126 0.07899517544825427
81 0.2639985677086402 0.09252077273423463 0.09662387258451033
82 0.12962262740214517 0.05449552084167736 0.06404703066460138
83 0.1224570197312297 0.10405155924539759 0.06522622347565316
84 0.1535194464838922 0.042031134301310925 0.12134624251323654
85 0.1992873630832607 0.018314000117750896 0.07837749310823514
86 0.14273905810570994 0.09519418590803606 0.049563892140382475
87 0.16997247494871517 0.037519780813891915 0.10968506848528417
88 0.2251965385075041 0.06526933880636812 0.11636648367967843
89 0.17139698869311915 0.034345316972288924 0.0970806367584837
90 0.17195778029661865 0.030639520138326628 0.0762606906745421
91 0.16929193259005842 0.032234324086463144 0.10934481186484465
92 0.176742248635023 0.056303402907921525 0.13187184037488292
93 0.11817593059136056 0.07042402635892915 0.09670720609086512
94 0.13888850790736917 0.03409006698472571 0.11522530622751684
95 0.17920218164701388 0.08138413439129755 0.10948276594204587
96 0.3808326000710189 0.07551027254782587 0.09970794988437061
97 0.2594449776478884 0.03688824253776267 0.17179479272512715
98 0.1454207232466946 0.11536838598998549 0.07211334216210182
99 0.25144963704421985 0.01732861491874214 0.1397745352900966
100 0.20572330191940888 0.06172592089648144 0.09177695271836642
101 0.22557008454482208 0.04535932885997038 0.11631783716608478
102 0.15819142595746194 0.03717159061862027 0.10491691061927903
103 0.19632946792244163 0.024500500580817045 0.1362259825402435
104 0.08426472558128853 0.09781215673443913 0.04798248751170485
105 0.19697706957739208 0.04111951483340138 0.0759997236512634
106 0.1464199058350037 0.024160887317334314 0.1059578368782568
107 0.14554568601073764 0.057096848665434664 0.09412748071609654
108 0.17406601903085964 0.06443501119552333 0.07230940395959247
109 0.14965678164280383 0.075264544855571 0.07108119978864942
110 0.2443443125893897 0.05634470143068496 0.09451177167253434
111 0.1886986394562203 0.032039970118793844 0.12842047486451105
112 0.32055484253227134 0.03878229750746405 0.09058428748004199
113 0.06986757912508107 0.07308330000479071 0.07675686304380633
114 0.3313140828544155 0.05197133866866829 0.12961316317830196
115 0.1953508448189094 0.024084540743576882 0.1103905926426084
116 0.12316653131862328 0.035881923702879126 0.07970685477769274
117 0.29003662970889627 0.06353579933444577 0.10473801190395546
118 0.3837965043571722 0.03853090372107372 0.16498286121636643
119 0.16335813420893486 0.035548621928743515 0.13597625258079843
120 0.08727290663102814 0.04729248890937831 0.07548523833659476
121 0.22543444144777142 0.04691965706450125 0.08650639533608487
122 0.23603994434742692 0.05007064294882336 0.07346890346767253
123 0.1655888370214628 0.05458035209984918 0.09168848218375583
124 0.24985646690815264 0.04174808537353031 0.13025865790160465
125 0.23461305077741565 0.04993994998095329 0.09292260144150855
126 0.13495317403295273 0.050322107346975994 0.13399958959930164
127 0.14138357636479043 0.047199181213037435 0.10532304633457862
128 0.46546840146577817 0.08545441353079564 0.1144325638074809
129 0.1903902387469698 0.045709621682218135 0.07519866676440551
130 0.1773948969197753 0.08836682998024391 0.1636081753585856
131 0.12107955956193864 0.03341314329527343 0.12363402176516121
132 0.15922451508766394 0.03504928052817053 0.10299789857002324
133 0.24281053198265676 0.02479050799685471 0.12999374678545175
134 0.15556208840436356 0.03510722403721917 0.16570788043419699
135 0.322627722546799 0.08037831662404583 0.10333083816511064
136 0.187109764299184 0.09489267749915363 0.06452645719091905
137 0.2210419892708957 0.06769860595467474 0.04907091002473705
138 0.10146901025315584 0.035090084214433916 0.1434257198211231
139 0.14474780083330507 0.02637689937475043 0.10456455350638563
140 0.22667171131573347 0.06358020375880023 0.14609924471753233
141 0.05337944287613446 0.052814607070865154 0.09460032072296186
142 0.29871935301245184 0.08956747088433277 0.07429691434377907
143 0.2616767597132784 0.050160703744609146 0.10574376347305052
144 0.13325185288562208 0.024440575796907872 0.12553521661274258
145 0.2330136616057895 0.07760994121284236 0.10214530549462125
146 0.17333017980948487 0.035635363877658886 0.13687214331462885
147 0.23861071217178875 0.055781070212153706 0.08953742288682617
148 0.2444584914469783 0.03729518605334421 0.0594587869631747
149 0.12454899132600193 0.050466135840958354 0.11035489887007582
150 0.19242533444855817 0.04855450620883757 0.07414532095408342
151 0.028842071398023413 0.06232393956683661 0.109225489855302
152 0.16632738069095185 0.04839874882382224 0.10051224260173904
153 0.1560305042045051 0.035936837099289035 0.12894067508649493
154 0.23796328820892024 0.03629050091457621 0.10413676446274923
155 0.23447041787402545 0.045834554873765095 0.128804362919468
156 0.27850523958265433 0.03360646326730377 0.11435184828710157
157 0.28287785337808313 0.07922377496632912 0.13620735536984035
158 0.2224825887608355 0.042341497724585404 0.08485844671939996
159 0.2818003449683947 0.049340079873871956 0.15985687729160328
160 0.33253051755011515 0.049092341762988226 0.12715026145215308
161 0.11722702746448485 0.03864421987985839 0.06681101699125117
162 0.1727885064074272 0.05756033152745285 0.12113304886980554
163 0.10667358621188877 0.006046557029924429 0.1300904801198479
164 0.23023847310243822 0.05683756175675691 0.08925712459168261
165 0.15912624303847234 0.03321247196129196 0.09284927195210073
166 0.15660772619154542 0.0675078746834222 0.06982095353236917
167 0.3458336133871751 0.06627379982964507 0.11984962698839133
168 0.2998045959618811 0.058756268205406276 0.13569542358042253
169 0.5074795912801308 0.09663891085073169 0.1453844784942527
170 0.18791145047621838 0.04156135296804322 0.08973005159141192
171 0.30140326601557527 0.047516793692108254 0.10396662415968368
172 0.25703407977541165 0.0434768651090209 0.06254575495546445
173 0.17877350542277376 0.07577757111759746 0.08096666834974561
174 0.07353224553071867 0.025593847569768433 0.16495953572089977
175 0.318256967394612 0.09106893160853388 0.10881465310382105
176 0.17184982327691098 0.029668059440411176 0.09311663514695762
177 0.19617765298656828 0.06297765801861364 0.08220614820290846
178 0.09392968154512765 0.0706618956424946 0.1289715646588725
179 0.3082088378885969 0.07521519833047093 0.12719506125293983
180 0.18138020007527147 0.06121170422533957 0.12736829067167676
181 0.27800989902537554 0.037101495727824604 0.08962471110512048
182 0.4118235458593649 0.08886644527603427 0.09959611711221557
183 0.22546566309212882 0.0498440335299117 0.16894701800949743
184 0.23363404571158627 0.07403231441045253 0.08570073343968145
185 0.3677887632248559 0.060252935262950086 0.13535220156873168
186 0.15073713866367855 0.03730034633559445 0.11783910183679552
187 0.20503819692726072 0.030240892497955366 0.09779958430526008
188 0.12361231038842815 0.027695377569392617 0.09781945878887631
189 0.12270198414998501 0.046152661097387984 0.09454590047302863
190 0.3377098517055361 0.04976006323857563 0.14533073827007945
191 0.18972589114191232 0.04118180821300416 0.11814528104732483
192 0.25075617092262953 0.03931746974025458 0.14593898174434825
193 0.1333878765155329 0.03238548750710942 0.10366062695907982
194 0.127345089398363 0.030356179334204432 0.13956383123443838
195 0.2495915265991946 0.03850948294153243 0.10858147201193699
196 0.10386201566420328 0.08484411299658888 0.11809332573794522
197 0.237743447761137 0.061486601944815956 0.09519308071040479
198 0.2263530474762321 0.050381522204176216 0.07059279591200254
199 0.1845271339962695 0.053980540790019856 0.08454416594712943